CIFAR-10
DNN
--------------------------------------
class    TP    PCP     CP    PPV    TPR   F1-score     AR      AUC 
---------------------------------------------------------------------
  0      453    712   1000  0.636  0.453    0.5292   0.8068   0.9034
  1      557    843   1000  0.661  0.557    0.6044   0.8619   0.9310
  2      242    553   1000  0.438  0.242    0.3117   0.6406   0.8203
  3      307    831   1000  0.369  0.307    0.3353   0.6584   0.8292
  4      387    806   1000  0.480  0.387    0.4286   0.7146   0.8573
  5      451   1183   1000  0.381  0.451    0.4132   0.7093   0.8546
  6      609   1205   1000  0.505  0.609    0.5524   0.8222   0.9111
  7      625   1297   1000  0.482  0.625    0.5442   0.7744   0.8872
  8      712   1333   1000  0.534  0.712    0.6104   0.8498   0.9249
  9      626   1237   1000  0.506  0.626    0.5597   0.8336   0.9168

                     CP weighted average    0.4889   0.7672   0.8836

                          Total accuracy    0.4969
---------------------------------------------------------------------



CIFAR-10
CNN
--------------------------------------
class    TP    PCP     CP    PPV    TPR   F1-score     AR      AUC 
---------------------------------------------------------------------
  0      559    875   1000  0.639  0.559    0.5963   0.8286   0.9143
  1      550    835   1000  0.659  0.550    0.5995   0.8455   0.9227
  2      366    814   1000  0.450  0.366    0.4035   0.6796   0.8398
  3      294    753   1000  0.390  0.294    0.3354   0.6602   0.8301
  4      538   1244   1000  0.432  0.538    0.4795   0.7409   0.8705
  5      392    834   1000  0.470  0.392    0.4275   0.7219   0.8609
  6      579   1013   1000  0.572  0.579    0.5753   0.8263   0.9132
  7      636   1323   1000  0.481  0.636    0.5476   0.7832   0.8916
  8      686   1120   1000  0.613  0.686    0.6472   0.8718   0.9359
  9      602   1189   1000  0.506  0.602    0.5500   0.8021   0.9010

                     CP weighted average    0.5162   0.7760   0.8880

                          Total accuracy    0.5202
---------------------------------------------------------------------



CIFAR-10
KERAS
CNN
--------------------------------------
class    TP    PCP     CP    PPV    TPR   F1-score     AR      AUC 
---------------------------------------------------------------------
  0      627    980   1000  0.640  0.627    0.6333   0.8448   0.9224
  1      549    803   1000  0.684  0.549    0.6090   0.8762   0.9381
  2      381    753   1000  0.506  0.381    0.4347   0.6930   0.8465
  3      490   1397   1000  0.351  0.490    0.4088   0.6863   0.8431
  4      565   1289   1000  0.438  0.565    0.4937   0.7573   0.8787
  5      392    911   1000  0.430  0.392    0.4103   0.7156   0.8578
  6      586    893   1000  0.656  0.586    0.6191   0.8581   0.9291
  7      560    861   1000  0.650  0.560    0.6018   0.8122   0.9061
  8      698   1046   1000  0.667  0.698    0.6823   0.8945   0.9473
  9      612   1067   1000  0.574  0.612    0.5922   0.8368   0.9184

                     CP weighted average    0.5485   0.7975   0.8987

                          Total accuracy    0.5460
---------------------------------------------------------------------



MNIST
DNN
--------------------------------------
class    TP    PCP     CP    PPV    TPR   F1-score     AR      AUC 
---------------------------------------------------------------------
  0      970    984    980  0.986  0.990    0.9878   0.9997   0.9998
  1     1126   1138   1135  0.989  0.992    0.9908   0.9998   0.9999
  2     1014   1040   1032  0.975  0.983    0.9788   0.9986   0.9993
  3      999   1040   1010  0.961  0.989    0.9746   0.9989   0.9995
  4      951    964    982  0.987  0.968    0.9774   0.9993   0.9997
  5      873    908    892  0.961  0.979    0.9700   0.9991   0.9996
  6      923    935    958  0.987  0.963    0.9752   0.9991   0.9995
  7      995   1015   1028  0.980  0.968    0.9741   0.9991   0.9996
  8      944    965    974  0.978  0.969    0.9737   0.9987   0.9994
  9      977   1011   1009  0.966  0.968    0.9673   0.9974   0.9987

                     CP weighted average    0.9772   0.9990   0.9995

                          Total accuracy    0.9772
---------------------------------------------------------------------



MNIST
CNN
--------------------------------------
class    TP    PCP     CP    PPV    TPR   F1-score     AR      AUC 
---------------------------------------------------------------------
  0      971    986    980  0.985  0.991    0.9878   0.9997   0.9998
  1     1126   1135   1135  0.992  0.992    0.9921   0.9998   0.9999
  2     1011   1029   1032  0.983  0.980    0.9811   0.9995   0.9997
  3      988   1012   1010  0.976  0.978    0.9773   0.9993   0.9996
  4      970    988    982  0.982  0.988    0.9848   0.9997   0.9998
  5      863    879    892  0.982  0.967    0.9746   0.9995   0.9998
  6      937    954    958  0.982  0.978    0.9801   0.9995   0.9998
  7      999   1014   1028  0.985  0.972    0.9785   0.9994   0.9997
  8      958    997    974  0.961  0.984    0.9721   0.9993   0.9997
  9      983   1006   1009  0.977  0.974    0.9757   0.9992   0.9996

                     CP weighted average    0.9806   0.9995   0.9997

                          Total accuracy    0.9806
---------------------------------------------------------------------



MNIST
KERAS
CNN
--------------------------------------
class    TP    PCP     CP    PPV    TPR   F1-score     AR      AUC 
---------------------------------------------------------------------
  0      970    987    980  0.983  0.990    0.9863   0.9997   0.9999
  1     1128   1146   1135  0.984  0.994    0.9890   0.9998   0.9999
  2     1014   1058   1032  0.958  0.983    0.9703   0.9992   0.9996
  3      992   1014   1010  0.978  0.982    0.9802   0.9997   0.9999
  4      965    980    982  0.985  0.983    0.9837   0.9997   0.9998
  5      873    884    892  0.988  0.979    0.9831   0.9992   0.9996
  6      945    960    958  0.984  0.986    0.9854   0.9990   0.9995
  7      992   1005   1028  0.987  0.965    0.9759   0.9990   0.9995
  8      938    958    974  0.979  0.963    0.9710   0.9989   0.9994
  9      978   1008   1009  0.970  0.969    0.9698   0.9992   0.9996

                     CP weighted average    0.9795   0.9994   0.9997

                          Total accuracy    0.9795
---------------------------------------------------------------------



SVHN
DNN
--------------------------------------
class    TP    PCP     CP    PPV    TPR   F1-score     AR      AUC 
---------------------------------------------------------------------
  0     1117   1440   1744  0.776  0.640    0.7016   0.9059   0.9530
  1     4294   5139   5099  0.836  0.842    0.8388   0.9424   0.9712
  2     3122   3661   4149  0.853  0.752    0.7995   0.9164   0.9582
  3     2055   3275   2882  0.627  0.713    0.6675   0.8647   0.9324
  4     2000   2475   2523  0.808  0.793    0.8003   0.9276   0.9638
  5     1744   2620   2384  0.666  0.732    0.6970   0.8943   0.9471
  6     1543   2615   1977  0.590  0.780    0.6720   0.9043   0.9522
  7     1530   2086   2019  0.733  0.758    0.7454   0.9201   0.9600
  8      814   1053   1660  0.773  0.490    0.6001   0.8749   0.9374
  9     1088   1668   1595  0.652  0.682    0.6669   0.8940   0.9470

                     CP weighted average    0.7420   0.9095   0.9547

                          Total accuracy    0.7417
---------------------------------------------------------------------



SVHN
CNN
--------------------------------------
class    TP    PCP     CP    PPV    TPR   F1-score     AR      AUC 
---------------------------------------------------------------------
  0     1243   1445   1744  0.860  0.713    0.7796   0.9400   0.9700
  1     4637   5596   5099  0.829  0.909    0.8671   0.9596   0.9798
  2     3306   3737   4149  0.885  0.797    0.8384   0.9409   0.9705
  3     2001   2585   2882  0.774  0.694    0.7320   0.8876   0.9438
  4     2084   2641   2523  0.789  0.826    0.8071   0.9418   0.9709
  5     1887   2455   2384  0.769  0.792    0.7799   0.9330   0.9665
  6     1516   2176   1977  0.697  0.767    0.7301   0.9244   0.9622
  7     1641   2039   2019  0.805  0.813    0.8088   0.9537   0.9769
  8     1158   1671   1660  0.693  0.698    0.6953   0.8966   0.9483
  9     1169   1687   1595  0.693  0.733    0.7124   0.9126   0.9563

                     CP weighted average    0.7926   0.9332   0.9666

                          Total accuracy    0.7929
---------------------------------------------------------------------



SVHN
KERAS
CNN
--------------------------------------
class    TP    PCP     CP    PPV    TPR   F1-score     AR      AUC 
---------------------------------------------------------------------
  0     1432   1863   1744  0.769  0.821    0.7940   0.9522   0.9761
  1     4553   5274   5099  0.863  0.893    0.8779   0.9633   0.9816
  2     3446   3791   4149  0.909  0.831    0.8680   0.9577   0.9789
  3     2015   2452   2882  0.822  0.699    0.7555   0.9060   0.9530
  4     1983   2285   2523  0.868  0.786    0.8249   0.9479   0.9740
  5     1906   2425   2384  0.786  0.799    0.7927   0.9339   0.9669
  6     1570   2206   1977  0.712  0.794    0.7507   0.9371   0.9686
  7     1654   1960   2019  0.844  0.819    0.8314   0.9598   0.9799
  8     1187   1682   1660  0.706  0.715    0.7104   0.9189   0.9595
  9     1284   2094   1595  0.613  0.805    0.6961   0.9325   0.9663

                     CP weighted average    0.8091   0.9442   0.9721

                          Total accuracy    0.8079
---------------------------------------------------------------------


